((("asas" .
   [4 0 0 0])
  ("defn-" .
   [0 0 0 1 0])
  ("$mapEntry" .
   [0 0 0 0 0 0 0 0 1])
  ("for" .
   [1 0 0])
  ("==false" .
   [1 0 0 0 0 0 0])
  ("true" .
   [1 0 0 0])
  ("VelArrayToJSON" .
   [1 0 0 0 0 0 0 0 0 0 0 0 0 0])
  ("$item.size" .
   [1 0 0 0 0 0 0 0 0 0])
  ("$item.keySet" .
   [1 0 0 0 0 0 0 0 0 0 0 0])
  ("elseif" .
   [3 0 0 0 2 0])
  ("$item" .
   [13 0 0 0 0])
  ("VelListToJSON" .
   [2 0 0 0 0 0 0 0 0 0 0 0 0])
  ("VelToJSON" .
   [2 0 0 0 0 0 0 0 0])
  ("macro" .
   [3 0 0 0 0])
  ("end" .
   [5 0 0])
  ("endp" .
   [0 0 0 4])
  ("$myList.keySet" .
   [1 0 0 0 0 0 0 0 0 0 0 0 0 0])
  ("if" .
   [3 0])
  ("$key" .
   [1 0 0 0])
  ("in" .
   [2 0])
  ("foreach" .
   [2 0 0 0 0 0 0])
  ("$list" .
   [1 0 0 0 0])
  ("action" .
   [1 0 0 0 0 0])
  ("set" .
   [3 0 0])))
